name: kraken2
channels:
  - conda-forge
  - bioconda
dependencies:
  - _libgcc_mutex=0.1=conda_forge
  - _openmp_mutex=4.5=2_gnu
  - biopython=1.81=py310h2372a71_1
  - blast=2.16.0=hc155240_2
  - bracken=2.8=py310h30d9df9_0
  - bzip2=1.0.8=h4bc722e_7
  - c-ares=1.33.0=ha66036c_0
  - ca-certificates=2024.7.4=hbcca054_0
  - curl=8.9.1=h18eb788_0
  - entrez-direct=22.4=he881be0_0
  - gettext=0.22.5=he02047a_3
  - gettext-tools=0.22.5=he02047a_3
  - keyutils=1.6.1=h166bdaf_0
  - kraken2=2.1.3=pl5321hdcf5f25_1
  - krb5=1.21.3=h659f571_0
  - ld_impl_linux-64=2.40=hf3520f5_7
  - libasprintf=0.22.5=he8f35ee_3
  - libasprintf-devel=0.22.5=he8f35ee_3
  - libblas=3.9.0=23_linux64_openblas
  - libcblas=3.9.0=23_linux64_openblas
  - libcurl=8.9.1=hdb1bdb2_0
  - libedit=3.1.20191231=he28a2e2_2
  - libev=4.33=hd590300_2
  - libffi=3.4.2=h7f98852_5
  - libgcc-ng=14.1.0=h77fa898_0
  - libgettextpo=0.22.5=he02047a_3
  - libgettextpo-devel=0.22.5=he02047a_3
  - libgfortran-ng=14.1.0=h69a702a_0
  - libgfortran5=14.1.0=hc5f4f2c_0
  - libgomp=14.1.0=h77fa898_0
  - libiconv=1.17=hd590300_2
  - libidn2=2.3.7=hd590300_0
  - liblapack=3.9.0=23_linux64_openblas
  - libnghttp2=1.58.0=h47da74e_1
  - libnsl=2.0.1=hd590300_0
  - libopenblas=0.3.27=pthreads_hac2b453_1
  - libsqlite=3.46.0=hde9e2c9_0
  - libssh2=1.11.0=h0841786_0
  - libstdcxx-ng=14.1.0=hc0a3c3a_0
  - libunistring=0.9.10=h7f98852_0
  - libuuid=2.38.1=h0b41bf4_0
  - libxcrypt=4.4.36=hd590300_1
  - libzlib=1.3.1=h4ab18f5_1
  - lz4-c=1.9.4=hcb278e6_0
  - ncbi-vdb=3.1.1=h4ac6f70_1
  - ncurses=6.5=h59595ed_0
  - numpy=2.0.1=py310hf9f9071_0
  - openssl=3.3.1=h4bc722e_2
  - pcre=8.45=h9c3ff4c_0
  - perl=5.32.1=7_hd590300_perl5
  - perl-archive-tar=2.40=pl5321hdfd78af_0
  - perl-carp=1.50=pl5321hd8ed1ab_0
  - perl-common-sense=3.75=pl5321hd8ed1ab_0
  - perl-compress-raw-bzip2=2.201=pl5321h166bdaf_0
  - perl-compress-raw-zlib=2.202=pl5321h166bdaf_0
  - perl-encode=3.21=pl5321hd590300_0
  - perl-exporter=5.74=pl5321hd8ed1ab_0
  - perl-exporter-tiny=1.002002=pl5321hd8ed1ab_0
  - perl-extutils-makemaker=7.70=pl5321hd8ed1ab_0
  - perl-io-compress=2.201=pl5321hdbdd923_2
  - perl-io-zlib=1.14=pl5321hdfd78af_0
  - perl-json=4.10=pl5321hdfd78af_1
  - perl-json-xs=4.03=pl5321h4ac6f70_3
  - perl-list-moreutils=0.430=pl5321hdfd78af_0
  - perl-list-moreutils-xs=0.430=pl5321h031d066_2
  - perl-parent=0.241=pl5321hd8ed1ab_0
  - perl-pathtools=3.75=pl5321h166bdaf_0
  - perl-scalar-list-utils=1.63=pl5321h166bdaf_0
  - perl-storable=3.15=pl5321h166bdaf_0
  - perl-types-serialiser=1.01=pl5321hdfd78af_0
  - pip=24.2=pyhd8ed1ab_0
  - popt=1.16=h0b475e3_2002
  - python=3.10.14=hd12c33a_0_cpython
  - python_abi=3.10=5_cp310
  - readline=8.2=h8228510_1
  - rpsbproc=0.5.0=h6a68c12_0
  - rsync=3.3.0=he6cb5fe_0
  - setuptools=72.1.0=pyhd8ed1ab_0
  - tar=1.34=hb2e2bae_1
  - tk=8.6.13=noxft_h4845f30_101
  - tzdata=2024a=h0c530f3_0
  - wget=1.21.4=hda4d442_0
  - wheel=0.44.0=pyhd8ed1ab_0
  - xxhash=0.8.2=hd590300_0
  - xz=5.2.6=h166bdaf_0
  - zlib=1.3.1=h4ab18f5_1
  - zstd=1.5.6=ha6fb4c9_0
